-8.93
-50.00
-10.30
-9.53
-6.68
-5.68
-29.47
-2.60
-19.26
-7.00
-36.28
-79.00
562.43
-7.41
-10.82
-16.96
-5.16
-22.03
375.00
-117.16
-71.14
-40.00
-52.72
-20.50
-9.43
-150.00
-5.42
-10.29
-39.00
-39.00
-30.00
-7.84
-9.94
-13.76
-15.63
368.00
-5.75
-17.65
-50.00
-12.04
-14.00
-4.81
-16.00
-50.00
-11.64
-25.85
-16.81
50.00
650.00
-13.55
-113.50
-215.76
650.00
-50.00
-9.15
-12.48
-23.19
-100.00
500.00
-60.17
-27.95
-225.00
-49.90
-2.60
-5.22
-33.72
-5.86
-50.00
-4.16
-13.12
-5.04
-8.50
-4.81
-7.00
-26.94
-3.23
-7.73
375.00
-10.70
-25.99
-79.00
-7.20
-65.70
-11.86
-39.00
-39.00
-15.20
-12.32
-57.00
-33.23
-30.00
-50.00
-8.97
-9.97
-13.60
-49.90
-38.32
-14.23
-50.00
-19.08
-10.47
368.00
-7.07
-150.00
-50.00
-22.00
-39.89
-39.90
-17.21
-60.17
-4.77
-100.00
-16.44
-4.38
650.00
-450.00
-221.34
-2.00
-100.00
-18.56
-10.11
-49.90
-8.80
-12.88
-17.55
-15.30
-11.97
-15.18
-6.04
-5.35
375.00
-7.00
-33.43
-13.71
-50.00
-28.40
-4.97
-79.00
-12.19
300.00
-9.83
-63.35
-39.00
-39.00
-8.80
-14.95
-74.85
-12.12
-15.80
-8.14
-30.00
-50.00
-49.90
27.34
-100.00
-15.18
-6.67
368.00
-9.42
-60.00
-8.20
-29.49
-15.85
-50.00
-8.56
-8.80
-50.00
-16.16
-50.00
-10.80
-100.00
-19.43
-9.25
-10.84
650.00
-60.17
-0.60
-2.00
-7.10
-1.95
-50.00
-14.31
-1.50
-49.90
-60.96
-11.84
-3.79
-1.37
-105.82
-175.00
-54.00
-50.00
-5.64
-5.99
-39.47
-73.58
-9.63
-7.00
-79.00
-49.90
-113.70
-6.97
-7.05
-4.28
-144.37
-100.00
-5.30
-3.17
-69.45
-49.90
-30.00
-39.00
-39.00
-100.00
-14.20
-8.35
-10.19
368.00
-29.25
-7.74
-20.43
-50.00
-79.00
-12.87
-15.85
-78.00
-8.37
650.00
-350.00
60.00
-169.00
-50.00
-10.55
-60.17
-100.00
-2.00
-14.30
-5.48
-47.88
-33.21
-53.61
-27.50
-15.83
-4.71
-29.90
-7.00
-49.90
-80.00
-21.35
-5.33
-154.70
-79.00
-8.80
-10.80
250.00
-10.15
-3.55
-40.17
-3.72
-42.13
-4.14
-60.34
-13.38
-52.97
-50.00
-3.17
-15.99
-8.49
-27.50
-12.68
-128.35
-50.00
-7.11
-30.00
-39.00
-39.00
-400.00
-16.96
-12.55
-4.76
-7.68
368.00
-50.00
-131.97
-49.90
-12.68
-300.00
-8.80
60.00
-10.61
-15.15
-3.34
650.00
-100.00
-50.00
-13.08
-60.17
-100.00
-0.60
-2.00
-130.00
-26.09
-0.50
-25.89
-0.49
52.97
-34.36
-0.65
-14.53
-0.28
-8.72
-0.17
-44.58
-100.00
-7.50
100.00
-9.03
-17.05
-100.00
-7.50
100.00
144.37
-30.31
-0.58
30.89
-26.43
-0.50
-13.27
-0.25
-14.74
-0.28
-15.38
-0.29
71.14
-13.15
-0.25
-14.61
-0.28
-37.41
65.70
-382.00
-17.35
-11.58
-14.56
1290.58
-3.85
-11.64
-50.00
-7.00
-9.00
-29.90
-5.45
-6.69
-28.66
-49.90
-58.86
-79.00
-30.89
-12.76
-5.52
-34.36
-45.00
-39.00
-39.00
-30.00
-50.00
-130.00
-6.17
-123.76
-39.00
368.00
-50.00
-9.22
-10.85
-20.75
-13.85
-12.95
-11.05
-49.90
-8.60
-5.30
-6.39
-13.43
-6.51
650.00
-50.00
-5.17
-8.25
-17.43
-30.00
-100.00
-60.17
-2.00
114.54
-37.50
-250.00
-8.64
-204.20
-13.00
-150.00
-100.00
75.00
-3.75
-9.49
-59.80
-28.12
-7.00
-4.45
-29.90
-72.07
-18.67
-141.08
-34.22
-221.23
-50.16
-79.00
500.00
-57.19
-200.00
-49.90
-7.56
-54.90
-60.67
-20.00
-22.59
-20.00
-39.00
-39.00
-30.00
-6.91
-8.80
-10.67
-16.04
-7.68
-50.00
-17.85
-20.00
-5.18
368.00
280.00
-87.72
-17.50
-27.50
-3.60
-49.90
-6.87
-11.96
-82.50
650.00
-50.00
-28.56
-100.00
-7.25
-8.82
-5.29
-60.17
-16.25
-0.60
-2.00
-50.00
-11.79
-50.00
-3.54
-9.24
-7.00
-14.29
-50.00
-79.01
-79.00
-32.11
-50.00
-80.00
-60.00
-49.90
-50.00
-13.98
-7.49
-32.00
-12.76
-10.51
-98.49
-50.00
-15.42
-39.00
-23.00
-17.85
-30.00
-7.31
-50.00
-34.95
-18.70
-22.00
-69.50
368.00
-50.00
-13.85
-11.27
-3.95
-5.67
-3.13
-7.15
-50.00
-50.00
-96.00
-4.49
-3.60
-12.12
-4.42
-3.69
1000.00
-9.30
-6.87
-18.58
-49.90
650.00
-30.41
-100.00
-60.17
-2.00
-10.17
-6.87
-8.05
-49.90
-50.00
-6.60
-14.07
-20.00
-11.47
-7.00
-56.56
-12.86
-10.70
-3.73
-79.00
-29.90
-5.86
-13.85
-17.85
-100.00
-11.32
-160.24
432.80
-12.32
-30.00
-39.00
-23.00
-49.90
-6.70
-50.00
-24.95
-7.20
-5.03
-50.00
-7.20
368.00
-4.90
700.00
-10.00
-13.34
-50.00
-7.78
-11.20
-50.00
-53.91
-14.17
-18.15
-140.00
-645.00
1000.00
-8.95
-100.00
-49.90
-6.85
-60.17
-0.60
-2.00
-50.00
-31.45
-4.64
-6.74
-60.50
-66.50
-7.19
-50.00
-5.30
-5.56
-49.90
-50.00
-8.80
-151.75
-7.00
-29.90
-50.00
-4.43
-79.00
-4.98
-50.00
-8.80
-19.72
-13.47
-2.64
-50.00
-17.85
-66.58
-15.87
-23.00
-105.00
-30.00
-50.00
-43.50
-50.00
-41.05
-32.00
-46.47
-150.00
-50.95
368.00
-14.23
-7.20
-49.90
-50.00
-7.20
-70.42
0.01
-40.76
-645.00
2813.00
-3.66
-50.00
-15.37
-10.56
-100.00
-60.17
-2.00
-250.00
-49.90
-7.00
-29.90
-104.85
-118.00
-79.00
-59.00
-14.94
-101.95
-11.03
-82.14
-105.00
-23.00
-30.00
-6.05
-5.31
-14.99
-7.18
-12.79
-100.00
-80.00
-51.95
-16.61
368.00
-12.53
-645.00
-49.90
600.00
600.00
-8.80
-100.00
-6.45
-16.64
-60.17
-100.00
-0.60
-2.00
-3.87
-17.85
-17.85
-0.60
-2.00
-29.99
-10.22
-22.95
-6.67
-250.00
-87.00
-45.14
-100.00
-39.99
-19.91
-50.00
-49.90
-15.00
-97.69
-600.44
-50.00
-6.39
-60.00
-178.15
-30.00
-105.00
-23.00
-50.91
-8.34
-34.98
-50.00
-8.29
-1180.00
-39.00
368.00
-39.00
-18.79
-15.04
-29.98
-50.00
141.98
-13.34
-25.39
-49.90
-27.23
-14.48
-15.59
-150.00
650.00
-8.88
-5.17
-50.00
-100.00
-20.22
-1154.60
-60.17
-2.00
